1183
1159.45
1185.17
1193.8
1195.82
1195.35
1191.83
1180.79
1168.43
1176.07
1174.35
1180
1199.995
1186.43
1157.8
1165.52
1172.97
1203
1217.63
1224.87
1227
1242.5
1228
1138.95
1132.62
1143.45
1135.47
1149.32
1142
1150.92
1146.73
1145.34
1142.93
1146.16
1132.32
1110.32
1125.87
1119.37
1118.5
1104.83
1101.04
1077.23
1086.75
1091
1115.08
1120
1109.86
1121.7
1107.24
1111.5
1089.1
1089.74
1084.71
1079.95
1096.99
1077
1054.28
1046.21
1055
1044.49
1066.93
1105.64
1120.15
1132.7
1141.48
1152
1146.07
1151.25
1154.48
1153
1175.83
1171.84
1122.55
1142.32
1145.24
1168.84
1162.6
1177.29
1185.81
1172
1177.41
1172.6
1197.5
1190.63
1280.51
1273.38
1270.3
1270.59
1256.64
1236.67
1245
1237
1230
1224.09
1215.62
1208.9
1205.09
1201.89
1211.11
1219.3
1211.29
1212.7
1200.05
1187.54
1180.18
1175.5
1191.92
1205.19
1199.56
1228.85
1220
1201.4
1191.72
1189.69
1198
1199.02
1205.93
1182.3
1152
1133.9
1160.5
1171.76
1156
1154.56
1131
1119
1114.01
1114.37
1121.93
1109.7
1118.78
1128.88
1116.64
1139.3
1125
1133.04
1111.01
1103.75
1094.88
1111.82
1149.27
1129.63
1119.01
1122.29
1112.24
1077.36
1081.04
1090.07
1094.23
1082.51
1086.86
1096
1108.59
1087.99
1090
1058.01
1053.34
1069.9
1074.94
1087.99
1086
1080.97
1042.56
1050.67
1027.2
1057.83
1059.5
1026.2
997.99
984.32
1032.04
1026
1047.29
1034
1047.01
1060.02
1075.67
1077.08
1066.94
1042.94
1072.23
1045
1112.99
1132.16
1095.63
1083.53
1057.46
1051.34
1044
1033.5
1045.31
1007.29
1063.39
1065.23
1051.46
1060
1054.81
1073.13
1084.02
1107.3
1083.49
1055.02
1072.53
1089
1091.4
1068.2
1020.01
1096.54
1048.33
1080.3
1115
1091.29
1112.51
1103.71
1130
1140
1113.48
1118
1119.64
1079.04
1136.4
1151.31
1160
1176
1205.03
1212
1206.67
1213
1204.09
1200
1193.69
1184.25
1159.41
1194.92
1180.67
1168.96
1162.66
1177.77
1188
1179.7
1182
1171.1
1184.2
1172
1198.57
1209.22
1222.52
1252.21
1263.4
1255
1255.9
1244.14